XX . mmmmm

1000100 00 00101011 0111 10 1011 00010101 100 ags. 10011 00001, 00010101
100 011. 0011 (fiir 0011, vgl. 001101) 10001, tenellus 10 000100. 10110-
110000, 1010 0110 100011011001010, zymis und was 100111 zusammen
11001101001100000 vermutmgennoch 110100 0101011011 00101100, 000- ’
1010 10010101 1001100000 101111100; die ’1101001 jung oder ing 1101 0101
1010 00101100.

Von den 0010110000 100 01101100 000. 0011011 0010110101 010000
0011100 0100100 (1. 01001001 100 010 00100110100 100100100; 0001100
01011010010 0 1000000110 10111 goth. gen. pl. 001001 Luc. 1.4,19, wel-
0101 100001 0100111 00001000 010 00100 111011110οε0 11111100 0110.
1101 1001111101. 1111100 00010010100 11010 101 1101000111 000100101 27,4
dem 001001010101, 100000 0011101000100 0101011000 01 001001000, 100·

0011 101001001οε 011101010101000 1 01010101111111011111110, 00 1010

00010010, 010011010 100 000. 011010 010010 juvencus 001110110, welches

001101 0000110101 100 01101 1011100 1011 000011001οω, 1011101001010111 ς
00111101 11110. vitulus 11111 01000101 00101001101 prodero pondero 2
001010 001010 001 wieder 10111010000000011010 zymis ffl,3 zymis ,ε
001010 ’27,5; 1110010100001101 11101101000010 ΠΙ,2, 01000111 001010, 1
01001γο 00010100 28, 7, wo 0101001000101011011010110010111 110 1
, 10010100011 0010101001101 01010011010, 0011110ςο01 000 gr. πόρτις, ’1
πόριςι 001 πόρταξ, 0000010101 juvencus, wie 000 0111. 01111010 juven· ,1
000, die ahgehende lautverschiebung 1110010 010 0101100 11011 1011111- 1
gem 11110 100 durch sive 101100100 0110110 11011 110010 1110010 (1110-
110 P) 111010 (1111101) 00001 1101001101001010010110, 11010 3110110 'J
10110 = 0011011 1110 1010 001, 0011010011010 101010111011001010000· 1
nung 100101100 100100101100 , 1101101011 1010 span. 1010110 11011, 0101 ,0
1001 0000100110, 1101. 0010110 (0010000101101110010 ein 000 00100 ll]
bekanntes zymis 1011000(οο10 1110011101 1112 1110010100) 0100001 ah
(1011 01001111 100 011) 1011 100 11110101ςο 001 0000011010 100111010 ,0
101101. Nun 11011113, wo 10110111000001 0001 111010 101, 001. 10 0
1010100εο 001010 11010 010110, was 0001 27,5 000011011, ja 28,6 10
0101111010 111010 01010101010 010, 001 10011101 11110, 1010 0110 0110 0
(010010) 00110100 001 010 00000001010001000001101110, 1110 001101· 00

sum 012, 00010100 207 1001 010 0110 0101 000 00100000. 1100 11101· m
¹) 10000101 1110100. 01. 10410. 10

 

